00097
00099
00102
00104
00105
00108
00109
00110
00112
00113
00117
00118
00121
00123
00125
00128
00130
00132
00135
00136
00139
00144
00145
00146
00149
00150
00153
00154
00155
00158
00159
00160
00161
00162
00163
00164
00165
00166
00168
00169
00171
00173
00175
00177
00183
00185
00186
00187
00188
00191
00192
00193
00196
00197
00198
00199
00201
00204
00205
00207
00209
00212
00213
00215
00218
00219
00220
00221
00224
00227
00228
00229
00231
00232
00233
00235
00237
00238
00242
00244
00245
00247
00248
00251
00252
00253
00255
00256
00258
00261
00262
00263
00264
00266
00267
00268
00269
00275
00276
00277
00278
00279
00281
00283
00284
00285
00286
00288
00290
00293
00297
00299
00303
00307
00308
00309
00310
00311
00312
00313
00314
00315
00316
00317
00318
00319
00320
00322
00323
00324
00326
00328
00329
00331
00332
00335
00336
