00001
00002
00003
00004
00005
00006
00009
00010
00014
00016
00017
00019
00020
00021
00022
00023
00024
00026
00027
00028
00029
00030
00031
00032
00033
00034
00035
00036
00037
00038
00039
00040
00041
00042
00043
00044
00045
00046
00047
00048
00049
00050
00051
00052
00053
00054
00055
00057
00058
00060
00061
00063
00064
00065
00066
00067
00068
00069
00071
00072
00073
00074
00075
00076
00077
00078
00079
00082
00083
00084
00085
00086
00087
00088
00089
00091
00092
00093
00094
00095
00098
00100
00103
00106
00114
00119
00120
00127
00133
00134
00137
00140
00141
00142
00143
00147
00148
00151
00152
00157
00172
00174
00178
00179
00180
00184
00189
00190
00200
00202
00211
00214
00217
00223
00225
00230
00234
00236
00239
00241
00246
00249
00250
00265
00270
00273
00274
00280
00282
00287
00289
00292
00294
00296
00298
00301
00302
00325
00327
00330
00334
